4294967279,394
4294967279,307
4294967279,136
4294967279,392
4294967278,232
4294967279,363
4294967279,330
4294967279,384
4294967278,240
4294967294,1233
4778,5
4778,4
4778,3
4778,2
4778,1
4294967278,234
4294967294,1232
4294967279,319
4776,5
4776,4
4776,3
4776,2
4776,1
4294967278,397
4294967294,464
4294967294,460
4294967294,454
4294967294,405
4774,8
4294967294,1231
4294967279,137
4774,7
4774,6
4774,5
4774,4
4774,3
4774,2
4774,1
4294967279,249
4294967294,1230
4294967294,1228
4294967279,388
4770,7
4294967294,398
4294967294,463
4770,6
4770,5
4770,4
4770,3
4770,2
4770,1
4294967278,378
4294967279,401
4294967278,251
4294967294,1023
4294967294,985
4294967278,428
4294967294,401
4294967294,479
4767,7
4294967294,403
4294967279,428
4767,6
4767,5
4767,4
4767,3
4767,2
4767,1
4294967279,318
4294967279,316
4294967279,315
4294967278,163
4764,6
4764,5
4764,4
4764,3
4764,2
4764,1
4294967278,383
4294967279,147
4294967294,1229
4294967279,146
4294967278,42
4294967278,41
4294967278,40
4294967294,413
4294967294,411
4294967294,406
4294967294,468
4761,6
4761,5
4761,4
4761,3
4761,2
4761,1
4294967279,314
4294967279,313
4294967278,230
4758,6
4758,5
4758,4
4758,3
4758,2
4758,1
4294967294,1218
4294967294,186
4294967294,443
4294967294,399
4294967294,385
4294967294,184
4294967294,165
4294967294,1027
4294967294,1217
4294967279,350
4755,6
4755,5
4755,4
4755,3
4755,2
4755,1
4294967278,417
4294967279,312
4294967278,220
4294967279,311
4294967294,187
4294967279,430
4752,7
4752,6
4752,5
4752,4
4752,3
4752,2
4752,1
4294967279,321
4294967279,438
4294967278,236
4749,7
4294967294,1221
4294967294,457
4749,6
4294967279,152
4749,5
4749,4
4749,3
4749,2
4749,1
4294967294,163
4294967279,145
4294967294,990
4746,7
4294967278,376
4294967294,1220
4294967294,1219
4746,6
4746,5
4746,4
4746,3
4746,2
4746,1
4294967279,418
4294967294,456
4294967294,108
4294967278,336
4743,6
4294967279,290
4743,5
4743,4
4743,3
4743,2
4743,1
4294967278,174
4294967278,382
4294967278,381
4294967294,478
4740,8
4294967278,344
4294967278,199
4740,7
4740,6
4740,5
4740,4
4740,3
4740,2
4740,1
4294967279,324
4294967278,189
4294967279,185
4294967278,183
4294967279,179
4294967278,177
4294967294,590
4294967294,160
4294967279,165
4294967278,164
4736,7
4736,6
4736,5
4736,4
4736,3
4736,2
4736,1
4294967294,12
4294967294,126
4294967279,135
4733,9
4733,8
4733,7
4294967279,386
4294967279,305
4294967294,395
4294967294,178
4294967294,421
4294967294,397
4294967294,455
4294967294,1031
4733,6
4733,5
4733,4
4733,3
4733,2
4733,1
4294967278,253
4294967278,249
4294967278,248
4730,7
4730,6
4730,5
4730,4
4730,3
4730,2
4730,1
4294967279,417
4294967279,303
4294967279,416
4294967278,209
4294967278,208
4294967278,204
4294967294,396
4294967294,462
4727,4
4727,3
4727,2
4727,1
4294967279,320
4294967294,389
4294967279,202
4294967278,200
4294967279,349
4294967279,323
4294967278,197
4726,7
4726,6
4726,5
4726,4
4726,3
4726,2
4726,1
4294967279,409
4294967279,181
4294967279,180
4294967278,422
4294967279,353
4294967279,343
4294967279,82
4294967279,80
4294967279,76
4294967279,73
4294967279,70
4294967279,62
4294967279,365
4294967279,57
4294967279,55
4294967279,65
4294967279,413
4294967279,407
4294967279,174
4294967278,175
4294967279,172
4294967278,446
4294967279,168
4723,7
4294967294,1021
4723,6
4723,5
4723,4
4723,3
4723,2
4723,1
4294967278,377
4294967294,183
4294967294,461
4720,6
4294967279,284
4294967294,392
4294967279,273
4720,5
4720,4
4720,3
4720,2
4720,1
4294967279,283
4294967279,276
4718,6
4294967279,381
4294967278,346
4718,5
4718,4
4718,3
4718,2
4718,1
4294967278,312
4294967294,1026
4294967294,1030
4294967278,311
4294967278,252
4294967279,301
4294967278,445
4294967294,477
4716,5
4716,4
4716,3
4716,2
4716,1
4294967294,989
4294967294,168
4294967278,444
4294967279,223
4714,5
4294967278,219
4714,4
4294967278,217
4714,3
4714,2
4714,1
4294967278,212
4294967279,214
4713,6
4294967294,120
4294967294,114
4294967279,207
4294967278,205
4713,5
4713,4
4713,3
4713,2
4713,1
4294967278,198
4294967294,476
4294967294,1020
4711,5
4294967278,194
4294967279,195
4711,4
4294967278,193
4711,3
4711,2
4711,1
4294967278,192
4294967294,1032
4294967279,193
4294967278,191
4710,4
4710,3
4710,2
4710,1
4709,5
4294967278,186
4709,4
4709,3
4709,2
4709,1
4294967279,299
4294967278,185
4294967278,184
4294967279,184
4708,4
4294967278,182
4708,3
4708,2
4708,1
4294967278,181
4294967278,180
4707,4
4707,3
4707,2
4707,1
4294967278,179
4294967278,178
4294967294,429
4294967294,475
4294967279,328
4294967279,439
4706,7
4706,6
4706,5
4294967279,56
4294967279,171
4706,4
4294967279,170
4706,3
4706,2
4706,1
4294967279,169
4294967294,127
4705,4
4294967279,167
4705,3
4705,2
4705,1
4294967294,415
4294967279,297
4294967279,53
4294967294,387
4294967279,166
4294967294,11
4294967279,52
4294967279,50
4294967279,49
4294967279,47
4294967279,45
4294967279,44
4294967279,42
4294967279,40
4294967279,39
4294967279,38
4294967278,372
4294967279,37
4294967279,36
4294967278,441
4294967279,32
4294967279,31
4294967279,30
4294967279,29
4294967279,28
4294967278,439
4294967279,26
4294967278,438
4294967279,23
4294967279,422
4294967279,408
4294967278,423
4294967279,21
4294967279,20
4294967279,18
4294967279,17
4294967279,16
4294967278,362
4294967279,14
4294967278,437
4294967278,299
4294967294,451
4294967279,11
4294967279,405
4294967278,436
4294967294,972
4294967278,433
4294967278,432
4294967278,431
4294967278,430
4294967294,167
4294967294,420
4294967294,978
4294967294,116
4294967279,389
4294967278,427
4294967278,426
4294967279,291
4294967279,2
4294967279,289
4294967278,425
4294967278,421
4294967278,420
4294967278,419
4294967294,190
4294967294,1025
4294967279,280
4294967294,386
4294967278,418
4294967279,275
4294967294,409
4294967294,407
4294967294,1018
4294967294,179
4294967294,107
4294967294,50
4294967294,90
4294967294,86
4294967294,84
4294967294,419
4294967294,1015
4294967294,53
4294967294,40
4294967294,38
4294967294,37
4294967294,45
4294967294,44
4294967294,9
4294967294,425
4294967279,221
4294967279,208
4294967278,206
4294967294,18
4294967294,68
4294967294,92
4294967294,88
4294967279,274
4294967278,293
4294967279,260
4294967294,36
4294967294,39
4294967294,41
4294967278,409
4294967279,334
4294967278,401
4294967279,269
4294967279,304
4294967279,426
4294967279,317
4294967279,258
4294967278,365
4294967279,257
4294967278,388
4294967279,383
4294967279,287
4294967279,331
4294967278,416
4294967279,382
4294967278,415
4294967279,286
4294967279,378
4294967279,377
4294967279,390
4294967279,404
4294967279,373
4294967278,375
4294967279,372
4294967279,368
4294967294,1017
4294967278,356
4294967294,99
4294967294,43
4294967294,82
4294967294,1022
4294967279,264
4294967279,347
4294967278,296
4294967279,366
4294967279,364
4294967278,413
4294967278,395
4294967278,412
4294967279,362
4294967278,410
4294967279,306
4294967278,321
4294967279,335
4294967279,361
4294967279,360
4294967278,408
4294967279,411
4294967279,344
4294967278,442
4294967279,216
4294967279,387
4294967278,407
4294967278,2
4294967278,88
4294967278,358
4294967278,328
4294967278,343
4294967278,404
4294967278,403
4294967278,402
4294967278,400
4294967278,260
4294967278,308
4294967278,387
4294967278,151
4294967279,151
4294967294,1284
4294967294,975
4294967294,185
4294967278,314
4294967278,399
4704,5
4704,4
4704,3
4704,2
4704,1
4294967279,309
4294967278,366
4702,6
4702,5
4702,4
4702,3
4702,2
4702,1
4294967279,308
4294967294,474
4294967278,355
4294967279,236
4294967278,398
4294967278,258
4294967279,296
4294967279,285
4294967278,222
4294967279,379
4294967279,211
4699,6
4699,5
4699,4
4699,3
4699,2
4699,1
4294967279,294
4294967278,396
4294967279,220
4294967278,351
4294967279,293
4696,4
4696,3
4696,2
4696,1
4294967278,370
4294967278,394
4294967279,358
4294967278,218
4294967279,352
4294967278,435
4294967279,376
4695,6
4695,5
4695,4
4695,3
4695,2
4695,1
4294967279,355
4294967279,0
4294967278,393
4294967294,81
4294967278,242
4294967294,176
4294967278,0
4294967278,307
4294967278,333
